### average time, 100 repetitions
### NATIVE
brute_force_permutative:
[5, 6, 7, 8, 9, 10, 11]
[2.5671559997135772e-05, 0.0001347042599991255, 0.000924215209997783, 0.007307339130002219, 0.0657156435700017, 0.6567747922200033, 7.1292792745400035]

brute_force_recursive:
[5, 6, 7, 8, 9, 10, 11]
[4.487443000471103e-05, 0.00019110880999505752, 0.0011051790400051686, 0.007583570490005513, 0.06143019647000983, 0.5605464668999958, 5.6949789253299965]

held_karp:
[5, 6, 7, 8, 9, 10, 11, 12, 13, 14, 15, 16]
[7.572053000330925e-05, 0.00016727478001484996, 0.0004225300300095114, 0.001069345570012956, 0.002574810200003412, 0.006544001050006045, 0.015681202899995698, 0.036434572219986874, 0.08672257844998967, 0.19890439879998667, 0.4487255814499986, 1.0308729986199978]


### CYTHON WITH TYPE DEFINITIONS
held_karp_cython:
[5, 6, 7, 8, 9, 10, 11, 12, 13, 14, 15, 16, 17, 18, 19, 20]
[6.4910399669315665e-06, 8.77065998793114e-06, 1.4424309993046336e-05, 2.7361710017430596e-05, 6.960377999348566e-05, 0.00017894302996865008, 0.0004176408299827017, 0.000936547969977255, 0.002110419269956765, 0.004721772740012966, 0.0105628100100148, 0.023430373250012054, 0.05345108877998427, 0.14686008132994174, 0.43576551531994484, 1.2594548150800255]

