(
'faster_chrisofides_cython (default)',
[5, 6, 7, 8, 9, 10, 11, 12, 13, 14, 15, 16, 17, 18, 19, 20],
[1.0150068499208416, 1.0142053280029826, 1.0122320849161164, 1.0112316427413022, 1.011014738572209, 1.0107015575187652, 1.0102066296043075, 1.0097487316840137, 1.0095805837658434, 1.0092274953400067, 1.0092234609681472, 1.0089969141998614, 1.0086457330627296, 1.0085663601325197, 1.0084905227476104, 1.0083008612521134]
),

(
'faster_chrisofides_cython (no two-opt)',
[5, 6, 7, 8, 9, 10, 11, 12, 13, 14, 15, 16, 17, 18, 19, 20],
[1.0174397670368935, 1.0190126632524277, 1.019323773248907, 1.0197239818070984, 1.0209573673396901, 1.0213374369534298, 1.0217387690691542, 1.0222799149899795, 1.0229701570378256, 1.0227660546786919, 1.0229300302219253, 1.022891616246316, 1.0230728559849582, 1.0233782825204112, 1.0239179685370887, 1.023868731760968]
),

(
'random path + two_opt',
[5, 6, 7, 8, 9, 10, 11, 12, 13, 14, 15, 16, 17, 18, 19, 20],
[1.0226285665347146, 1.019151919873984, 1.0164190895088099, 1.0150137408018352, 1.0146215868630701, 1.0130238309184376, 1.0129782224353063, 1.0123876221181052, 1.0117803267890257, 1.0115030509837402, 1.011534960462161, 1.0108121583476457, 1.0107332775446491, 1.0105570301617135, 1.0103689557842583, 1.0101881378033863]
),

(
'greedy',
[5, 6, 7, 8, 9, 10, 11, 12, 13, 14, 15, 16, 17, 18, 19, 20],
[1.0265692173762944, 1.027048909299873, 1.025238897608808, 1.0229563906487669, 1.0228930076781781, 1.0215900218217993, 1.0213130715725107, 1.0200509432701124, 1.020114575404082, 1.019247205421235, 1.0185594640134277, 1.0182172283640334, 1.0177621441260536, 1.0171962967311017, 1.0171409961849467, 1.0162634691352908]
),

