(
'brute_force_permutative',
[5, 6, 7, 8, 9, 10, 11],
[2.5671559997135772e-05, 0.0001347042599991255, 0.000924215209997783, 0.007307339130002219, 0.0657156435700017, 0.6567747922200033, 7.1292792745400035]
),

(
'brute_force_recursive',
[5, 6, 7, 8, 9, 10, 11],
[4.487443000471103e-05, 0.00019110880999505752, 0.0011051790400051686, 0.007583570490005513, 0.06143019647000983, 0.5605464668999958, 5.6949789253299965]
),

(
'held_karp',
[5, 6, 7, 8, 9, 10, 11, 12, 13, 14, 15, 16],
[7.572053000330925e-05, 0.00016727478001484996, 0.0004225300300095114, 0.001069345570012956, 0.002574810200003412, 0.006544001050006045, 0.015681202899995698, 0.036434572219986874, 0.08672257844998967, 0.19890439879998667, 0.4487255814499986, 1.0308729986199978]
),

(
'held_karp_cython',
[5, 6, 7, 8, 9, 10, 11, 12, 13, 14, 15, 16, 17, 18, 19, 20],
[6.4910399669315665e-06, 8.77065998793114e-06, 1.4424309993046336e-05, 2.7361710017430596e-05, 6.960377999348566e-05, 0.00017894302996865008, 0.0004176408299827017, 0.000936547969977255, 0.002110419269956765, 0.004721772740012966, 0.0105628100100148, 0.023430373250012054, 0.05345108877998427, 0.14686008132994174, 0.43576551531994484, 1.2594548150800255]
),

(
'faster_christofides',
[5, 15, 25, 35, 45, 55, 65, 75, 85, 95, 105, 115, 125, 135, 145, 155, 165, 175, 185, 195, 205, 215, 225, 235, 245, 255, 265, 275, 285, 295, 305, 315, 325, 335, 345, 355, 365, 375, 385, 395, 405],
[4.091300999789382e-05, 0.0005009712299761304, 0.001763049820146989, 0.00400126803009698, 0.007231934359988372, 0.011959530929962056, 0.017718098099976487, 0.02483957088988973, 0.03271447276010804, 0.0451397987000928, 0.054468355160024656, 0.06789760417997968, 0.08235333579990765, 0.09799880576008946, 0.11741820362003637, 0.1376123831300356, 0.15811421545995472, 0.18105887342999266, 0.20200583598994853, 0.2297198752598888, 0.26332986426996285, 0.28418148441011, 0.31256375635006406, 0.3523860108900044, 0.3919793866300097, 0.42080266199000105, 0.48471372669997437, 0.515005844629959, 0.5347718867400363, 0.5825225586700618, 0.6401105153699064, 0.6748039576000338, 0.7295352602699858, 0.7908848458898683, 0.8765727403600795, 0.9376088783199884, 0.9746463760599363, 1.0450306225501118, 1.0961560383501092, 1.1775898335800958, 1.247519387979737]
),

(
'faster_christofides_cython',
[5, 500, 1000, 1500, 2000, 2500, 3000, 3500, 4000, 4500, 5000],
[3.6696709867101165e-05, 0.00866878201981308, 0.03445111237917445, 0.0831726893800078, 0.14678629757923772, 0.23200776903133374, 0.33504147389016, 0.4583133657580765, 0.6101914628203667, 0.7827836222898622, 0.99123371473921]
),

